
schedule thread_n chunk_n sample_n time
static   10       430     4299     41.918
static   10       215     4299     41.068
static   10       1       4299     42.259
dynamic  10       430     4299     43.011
dynamic  10       215     4299     42.975
dynamic  10       1       4299     37.534
guided   10       430     4299     44.322
guided   10       215     4299     42.968
guided   10       1       4299     37.946
auto     10       430     4299     45.154
auto     10       215     4299     44.234
auto     10       1       4299     45.557
-----------------------------------------
static   20       215     4299     40.422
static   20       108     4299     42.151
static   20       1       4299     39.536
dynamic  20       215     4299     43.606
dynamic  20       108     4299     40.971
dynamic  20       1       4299     37.656
guided   20       215     4299     40.737
guided   20       108     4299     41.943
guided   20       1       4299     39.577
auto     20       1       4299     42.811
-----------------------------------------
static   30       144     4299     39.568
static   30       108     4299     38.822
static   30       1       4299     38.486
dynamic  30       144     4299     39.921
dynamic  30       108     4299     38.907
dynamic  30       1       4299     37.656
guided   30       215     4299     40.737
guided   30       108     4299     41.943
guided   30       1       4299     39.577
auto     30       1       4299     42.811
-----------------------------------------
static   60       1       4299     29.59


static   10       215              42.468
static   20       113		   41.896
static   30       67		   38.25
static   40                        36.652
static   60                        31.128













